$ 13 0.000059999999999999995 382.76258214399064 50 5 43 5e-11
d 416 160 416 112 2 default
d 384 272 384 224 2 default
d 416 272 416 224 2 default
d 448 272 448 224 2 default
w 416 176 416 192 0
w 384 176 336 176 0
w 416 192 336 192 0
w 416 176 416 160 0
w 416 192 416 224 0
w 384 160 384 176 0
w 384 176 384 224 0
w 448 208 336 208 0
w 384 112 416 112 0
w 416 112 448 112 0
w 384 272 416 272 0
w 416 272 448 272 0
w 416 464 448 464 0
w 384 464 416 464 0
w 416 304 448 304 0
w 384 304 416 304 0
w 416 384 416 416 0
w 416 384 336 384 0
d 448 464 448 416 2 default
d 416 464 416 416 2 default
d 384 464 384 416 2 default
d 448 352 448 304 2 default
d 416 352 416 304 2 default
d 384 352 384 304 2 default
w 416 304 416 272 0
r 576 272 576 336 0 10000
w 448 112 576 112 0
w 576 112 576 272 0
w 576 464 448 464 0
w 176 176 336 176 0
w 240 192 336 192 0
w 304 208 336 208 0
w 304 320 304 368 0
w 240 320 240 384 0
w 176 320 176 400 0
w 240 32 240 64 0
w 176 32 176 64 0
w 448 208 448 224 0
w 240 384 336 384 0
w 176 400 384 400 0
w 304 368 448 368 0
w 384 352 384 400 0
w 384 400 384 416 0
w 448 368 448 352 0
209 304 272 304 320 0 0.0033 291.0253809305985 0.001 10
209 240 272 240 320 0 0.0033 291.12340097596655 0.001 10
209 176 272 176 320 0 0.0033 291.08561905719597 0.001 10
v 176 0 176 -64 0 1 60 169 0 0 0.5
209 688 272 688 336 0 0.0055 582.1526404069434 0.001 100
w 688 336 576 336 0
v 240 0 240 -64 0 1 60 169 0 2.0943951023931953 0.5
v 304 0 304 -64 0 1 60 169 0 4.1887902047863905 0.5
w 176 -64 240 -64 0
w 240 -64 304 -64 0
d 384 160 384 112 2 default
w 176 0 176 32 0
w 448 368 448 416 0
d 448 160 448 112 2 default
w 448 208 448 160 0
w 416 384 416 352 0
w 576 464 576 336 0
w 176 176 176 272 0
w 240 192 240 272 0
w 304 208 304 272 0
v 64 0 144 0 0 1 60 339 0 0 0.5
s 64 0 64 80 0 1 false
w 144 0 176 0 0
s 240 0 240 32 4 0 false B
s 304 0 304 32 4 0 false B
w 64 192 240 192 0
r 176 64 176 128 0 120
r 240 64 240 128 0 120
s 272 64 272 128 4 0 false A
s 208 64 208 128 4 0 false A
w 272 64 240 64 0
w 272 128 240 128 0
w 208 64 176 64 0
w 208 128 176 128 0
w 176 128 176 176 0
w 240 128 240 192 0
r 64 80 64 128 0 120
s 112 80 112 128 0 1 false
w 112 80 64 80 0
w 64 128 112 128 0
w 64 128 64 192 0
s 144 64 144 128 4 1 false B
w 144 64 176 64 0
w 144 128 176 128 0
r 304 64 304 128 0 120
w 304 64 304 32 0
w 304 128 304 208 0
s 336 64 336 128 4 0 false A
w 336 64 304 64 0
w 304 128 336 128 0
s 688 272 576 272 0 0 false
r 816 224 816 288 0 120
w 816 288 576 464 0
s 816 224 816 176 0 0 false
w 816 176 576 112 0
o 29 64 0 4099 1280 0.2 0 2 29 3
o 55 64 0 4097 320 12.8 1 2 55 3
o 51 64 0 4097 160 12.8 2 2 51 3
o 54 64 0 4097 320 12.8 3 2 54 3
o 74 64 7 4096 160 3.2 4 1 0.0000762939453125
o 84 64 7 4099 5 0.1 5 1 0.0000762939453125
o 68 64 0 4097 5 0.00009765625 6 2 68 3
o 99 64 7 4097 5 6.4 7 1 0.0000762939453125
